name: cellimage
channels:
  - conda-forge
  - defaults
dependencies:
  - appnope=0.1.0=py36hf537a9a_0
  - backcall=0.1.0=py36_0
  - ca-certificates=2018.11.29=ha4d7672_0
  - certifi=2018.11.29=py36_1000
  - entrypoints=0.2.3=py36_2
  - icu=58.2=h0a44026_1000
  - ipykernel=5.1.0=py36h39e3cac_0
  - ipython=7.2.0=py36h39e3cac_0
  - ipython_genutils=0.2.0=py36h241746c_0
  - jedi=0.13.2=py36_0
  - jinja2=2.10=py36_0
  - jsonschema=2.6.0=py36hb385e00_0
  - jupyter_client=5.2.4=py36_0
  - jupyter_contrib_core=0.3.3=py_2
  - jupyter_contrib_nbextensions=0.5.1=py36_0
  - jupyter_core=4.4.0=py36_0
  - jupyter_highlight_selected_word=0.2.0=py36_1000
  - jupyter_latex_envs=1.4.4=py36_1000
  - jupyter_nbextensions_configurator=0.4.1=py36_0
  - libcxx=4.0.1=h579ed51_0
  - libcxxabi=4.0.1=hebd6815_0
  - libedit=3.1.20170329=hb402a30_2
  - libffi=3.2.1=h475c297_4
  - libiconv=1.15=h1de35cc_1004
  - libsodium=1.0.16=h3efe00b_0
  - libxml2=2.9.8=hf14e9c8_1005
  - libxslt=1.1.32=h33a18ac_1002
  - lxml=4.3.0=py36h7166777_1000
  - markupsafe=1.1.0=py36h1de35cc_0
  - mistune=0.8.4=py36h1de35cc_0
  - nb_conda=2.2.1=py36_0
  - nb_conda_kernels=2.2.0=py36_0
  - nbconvert=5.3.1=py_1
  - nbformat=4.4.0=py36h827af21_0
  - ncurses=6.1=h0a44026_0
  - notebook=5.7.4=py36_1000
  - openssl=1.1.1a=h1de35cc_1000
  - pandoc=2.2.3.2=0
  - pandocfilters=1.4.2=py36_1
  - parso=0.3.1=py36_0
  - pexpect=4.6.0=py36_0
  - pickleshare=0.7.5=py36_0
  - prometheus_client=0.5.0=py36_0
  - prompt_toolkit=2.0.7=py36_0
  - ptyprocess=0.6.0=py36_0
  - pygments=2.3.1=py36_0
  - python=3.6.8=haf84260_0
  - python-dateutil=2.7.5=py36_0
  - pyzmq=17.1.2=py36h1de35cc_0
  - readline=7.0=hc1231fa_4
  - send2trash=1.5.0=py36_0
  - setuptools=39.2.0=py36_0
  - sqlite=3.26.0=ha441bb4_0
  - terminado=0.8.1=py36_1
  - testpath=0.4.2=py36_0
  - tk=8.6.8=ha441bb4_0
  - tornado=5.1.1=py36h1de35cc_0
  - traitlets=4.3.2=py36h65bd3ce_0
  - wcwidth=0.1.7=py36h8c6ec74_0
  - webencodings=0.5.1=py36_1
  - wheel=0.31.1=py36_0
  - xz=5.2.4=h1de35cc_4
  - yaml=0.1.7=h1de35cc_1001
  - zeromq=4.2.5=h0a44026_1
  - zlib=1.2.11=hf3cbc9b_2
  - pip:
    - absl-py==0.3.0
    - astor==0.7.1
    - bleach==3.1.0
    - cloudpickle==0.6.1
    - cycler==0.10.0
    - dask==1.0.0
    - decorator==4.3.0
    - gast==0.2.0
    - grpcio==1.13.0
    - h5py==2.8.0
    - html5lib==0.9999999
    - keras==2.2.0
    - keras-applications==1.0.2
    - keras-preprocessing==1.0.1
    - keras-vis==0.4.1
    - kiwisolver==1.0.1
    - markdown==2.6.11
    - matplotlib==3.0.2
    - networkx==2.2
    - numpy==1.15.0
    - opencv-python==4.0.0.21
    - pandas==0.24.0
    - pillow==5.3.0
    - pip==19.0.1
    - protobuf==3.6.0
    - pyparsing==2.3.0
    - pytz==2018.9
    - pywavelets==1.0.1
    - pyyaml==3.13
    - scikit-image==0.14.1
    - scikit-learn==0.19.2
    - scipy==1.1.0
    - seaborn==0.9.0
    - six==1.11.0
    - tensorboard==1.8.0
    - tensorflow==1.8.0
    - termcolor==1.1.0
    - toolz==0.9.0
    - umap==0.1.1
    - werkzeug==0.14.1
prefix: /Users/JayWong/miniconda3/envs/cellimage

